128MB Mutli Media Card: HB28B128MM2 (Hitachi)
--------------------------------------------------------
>fo 10 rwtest.dat
rc=0
>fw 65536 0x55
   521
    93    14    14    14   491
    93    15    14    15   463
    93    15    14    15   475
    94    15    15    15   470
    93    15    14    15   494
    90    15    15    15   463
    93    15    14    15   460
    93    15    15    15   463
    93    15    14    15   505
    93    15    15    14   462
    93    15    14    14   474
    93    15    15    14   462
    93    15    15    15   514
    93    15    14    14   463
    93    15    14    15   457
    93    15    14    15   444
    93    15    15    15   492
    93    15    15    15   460
    93    15    14    15   471
    94    15    15    15   449
    93    14    14    15   532
    93    14    15    15   463
    91    14    14    15   486
    93    15    14    15   463
    93    14    14    15   487
    93    14    15    14   462
    93    14    15    15   487
    93    14    15    15   448
    93    14    15    15   506
    93    14    15    15   490
    93    14    15    15   514
    93    14    15    15   462
65536 bytes written with 182044 bytes/sec.
>fc
   477
   451
   521
rc=0
>fo 1 rwtest.dat
rc=0
>fr 65536
65536 bytes read with 312076 bytes/sec.
>fc
rc=0
>