512MB SD Memory Card: RP-SD512B (Panasonic)
--------------------------------------------------------
>fo 10 rwtest.dat
rc=0
>fw 65536 0x55
   955
     3     3     3     3   396
     3     3     3 28986   268
     3     3     3     3   406
     3     3     3 29211   260
     3     3     3     3   408
     3     3     3 29317   253
     3     3     3     3   403
     3     3     3 28718   259
     3     3     3     3   419
     3     3     3 29197   256
     3     3     3     3   399
     3     3     3 29092   260
     3     3     3     3   406
     3     3     3 28777   250
     3     3     3     3   410
     3     3     3 28772   256
     3     3     3     3   399
     3     3     3 28817   275
     3     3     3     3   410
     3     3     3 29145   264
     3     3     3     3   410
     3     3     3 29178   253
     3     3     3     3   399
     3     3     3 29143   301
     3     3     3 30167   400
     3     3     3     3   234
     3     3     3 30570   381
     3     3     3     3   227
     3     3     3 30542   380
     3     3     3     3   224
     3     3     3 30500   381
     3     3     3     3   234
65536 bytes written with 27769 bytes/sec.
>fc
 32481
   785
   971
rc=0
>fo 1 rwtest.dat
rc=0
>fr 65536
65536 bytes read with 234057 bytes/sec.
>fc
rc=0
>